  6  11   1   3   2   8   7   5   9  10  12  13  14   4  16  15 
  4   2   5   8   1   3   6   9   7  14  15  16  10  11  12  13 
  9   7  10  15  12  13  14  16   1   4   2  11   3   5   6   8 
 13  12  14  16   4  10  11  15   5   3   6   8   1   2   7   9 
  3  14   4  13   5   1   2   6  15   7   8  10  16   9  11  12 
  5   1   9   6   3   4   8   7  11  12  16  14   2  13  15  10 
 12   8  15  11  10   9  16  13   2   1   4   3   5   6  14   7 
  2  10  16   7  11  12  15  14   6   5  13   9   4   8   1   3 
  7   9   8   2   6   5   3  12   4  11  14  15  13   1  10  16 
 10   4  11   1   7  14   9   8  13  16   3   5  15  12   2   6 
 15   3   6   5  13  16   4  10  12   8   1   2  11   7   9  14 
 14  16  13  12  15   2   1  11  10   9   7   6   8   3   5   4 
 16   5   7   4  14  15  13   1   3   2   9  12   6  10   8  11 
  8   6   2  10  16   7  12   4  14  13  11   1   9  15   3   5 
 11  13   3   9   8   6   5   2  16  15  10   7  12  14   4   1 
  1  15  12  14   9  11  10   3   8   6   5   4   7  16  13   2 