  1 12  0  0  0  2 15  0  0  0  0  0  0  3 13  0
  0 14  0 15  0  0  0  0  0  0  3  0  0  0  0  0
  9  2  0 10  0  0  0  0  5  0  0  0  0  7  0  0
 16  0  0  0  3  8  0  7  0  0  0 14  0  0  0 11
  0  0  2 11  0 10  0  0 15  0  0  0  0  4  0  0
  0 10 15  0  0  0  0  0  0  0  6  1  0  0  0  0
  0  0  1  0  0  0 13  3 12  0  0  4  0  0  0  0
  0  0  0  0  6  5  0 12 10  3 14  0 11  0  0 15
 10  8  0  0 12  0  0  0  0  1  0  0  0  0  0  9
  0  0  5  0 13  0  0  0  8 10  4  0 15  0  0  0
 14  0  0  6 11  0  0  4  0  0 15  0  3  8  5  0
 15  3  0  0  0  0  0  0  0  6  0  0  7  0  0  0
  0  0  0  0  0  0  0  0  0  0  0  0  0 12  0  0
  6  0  0  0  0  0  0  0  0  0  0 15  0  0  0  7
  0  0  0  0  7  0  0  0  0  9  0  0 13  0 14  0
  0  0  0  0  0 13  0  2  0  0 16 12  0  0  9  0

