  9 10  0  0  0  8 16  0  0  0  0  0  0  3  2  0
  0 13  0  3  0  0  0  0  0  0 11  0  0  0  0  0
 15  8  0  4  0  0  0  0  2  0  0  0  0 11  0  0
 16  0  0  0  4  2  0  3  0  0  0 10  0  0  0  8
  0  0  8  9  0 15  0  0  6  0  0  0  0  7  0  0
  0  7 14  0  0  0  0  0  0  0 15 16  0  0  0  0
  0  0 16  0  0  0  7  2 11  0  0 14  0  0  0  0
  0  0  0  0  8  1  0 13 10  7  9  0 11  0  0 12
  7  2  0  0 11  0  0  0  0 14  0  0  0  0  0  4
  0  0  9  0  6  0  0  0  5  2 13  0  7  0  0  0
 14  0  0  6  1  0  0  7  0  0 10  0  3  2 12  0
  1  4  0  0  0  0  0  0  0 12  0  0 15  0  0  0
  0  0  0  0  0  0  0  0  0  0  0  0  0  8  0  0
  3  0  0  0  0  0  0  0  0  0  0  2  0  0  0 10
  0  0  0  0  7  0  0  0  0  3  0  0  4  0 14  0
  0  0  0  0  0  3  0  5  0  0  6  1  0  0  7  0

