 12  1  0  0  0 14  8  0  0  0  0  0  0 10  3  0
  0  7  0  3  0  0  0  0  0  0  1  0  0  0  0  0
 15  8  0  4  0  0  0  0 16  0  0  0  0 12  0  0
 10  0  0  0  2 11  0  7  0  0  0  3  0  0  0 14
  0  0  1  7  0 10  0  0 11  0  0  0  0  5  0  0
  0  5 10  0  0  0  0  0  0  0 15  1  0  0  0  0
  0  0  4  0  0  0 11  1  9  0  0 14  0  0  0  0
  0  0  0  0  4 15  0  9 10 13 12  0  1  0  0  3
  7  3  0  0 13  0  0  0  0 10  0  0  0  0  0  8
  0  0 15  0  6  0  0  0  8 14  9  0  4  0  0  0
  4  0  0  9  1  0  0 11  0  0  2  0  3  6  5  0
 11  6  0  0  0  0  0  0  0  1  0  0 10  0  0  0
  0  0  0  0  0  0  0  0  0  0  0  0  0  3  0  0
  5  0  0  0  0  0  0  0  0  0  0  2  0  0  0  6
  0  0  0  0  5  0  0  0  0 11  0  0 14  0  2  0
  0  0  0  0  0  9  0 10  0  0  8  5  0  0  4  0

