 12  7  0  0  0  3  1  0  0  0  0  0  0  5  9  0
  0  9  0  4  0  0  0  0  0  0 13  0  0  0  0  0
 14  1  0 11  0  0  0  0  7  0  0  0  0  2  0  0
  3  0  0  0 11  4  0 16  0  0  0  1  0  0  0  7
  0  0  2 13  0 16  0  0  6  0  0  0  0 10  0  0
  0  6  4  0  0  0  0  0  0  0 10 11  0  0  0  0
  0  0  3  0  0  0  4 12 13  0  0  9  0  0  0  0
  0  0  0  0 10  1  0  9 14  3  8  0 13  0  0  6
  4 11  0  0 14  0  0  0  0 13  0  0  0  0  0  5
  0  0  8  0  9  0  0  0 12 16  7  0  4  0  0  0
 16  0  0  7 12  0  0  1  0  0  2  0  9 13 10  0
 15 13  0  0  0  0  0  0  0  1  0  0 16  0  0  0
  0  0  0  0  0  0  0  0  0  0  0  0  0  9  0  0
  6  0  0  0  0  0  0  0  0  0  0 13  0  0  0 12
  0  0  0  0 16  0  0  0  0 12  0  0  5  0  6  0
  0  0  0  0  0 12  0  3  0  0 14  5  0  0  7  0

