  5  4  0  0  0  2 12  0  0  0  0  0  0 11 14  0
  0  2  0 15  0  0  0  0  0  0  8  0  0  0  0  0
 16 13  0  6  0  0  0  0  9  0  0  0  0 15  0  0
  8  0  0  0  5  6  0 14  0  0  0 10  0  0  0 13
  0  0 15  4  0 12  0  0  7  0  0  0  0 13  0  0
  0 16  7  0  0  0  0  0  0  0 13 11  0  0  0  0
  0  0 11  0  0  0  4  5  6  0  0  2  0  0  0  0
  0  0  0  0  8  7  0 13 14 10 12  0  3  0  0  9
 10  6  0  0  9  0  0  0  0 12  0  0  0  0  0  3
  0  0 16  0 12  0  0  0  3  4 11  0  9  0  0  0
  2  0  0  9 14  0  0  1  0  0 10  0 15  8 13  0
 11 14  0  0  0  0  0  0  0  8  0  0 16  0  0  0
  0  0  0  0  0  0  0  0  0  0  0  0  0  2  0  0
  7  0  0  0  0  0  0  0  0  0  0  1  0  0  0 15
  0  0  0  0  2  0  0  0  0 11  0  0 12  0  9  0
  0  0  0  0  0 15  0 12  0  0  2  8  0  0 11  0

