 12  16   3   5   1   4  13   2   6   7   9  10  11   8  14  15 
  7   1  11   2   5   6   8   9  14  12   3  15   4  13  10  16 
 13   9  15   6   3  14  10  12   4  16  11   8   1   7   2   5 
 14   4   8  10  15   7  16  11   2   1   5  13   3   9   6  12 
  3   7  10   9   2  12   4   8   1  13  16   5   6  14  15  11 
  1  14   2  12   9   3  11   5   8   4  15   6   7  16  13  10 
  5  13   6  15  16   1  14   7  11   3  10   9   2  12   8   4 
 11   8   4  16   6  10  15  13  12   2  14   7   5   3   9   1 
  8   2  16   1  14  15   6  10   7   9   4   3  12   5  11  13 
 10  15   9   3  11   2   7  16   5   6  13  12  14   4   1   8 
  6  11  12  14   4  13   5   3  16  15   8   1   9  10   7   2 
  4   5   7  13  12   8   9   1  10  11   2  14  16  15   3   6 
  9  12   1  11  13   5   3   4  15  10   7   2   8   6  16  14 
  2  10  13   7   8  16  12   6   9  14   1   4  15  11   5   3 
 15   3   5   4   7  11   1  14  13   8   6  16  10   2  12   9 
 16   6  14   8  10   9   2  15   3   5  12  11  13   1   4   7 