 12 16  0  0  0  4 13  0  0  0  0  0  0  8 14  0
  0  1  0  2  0  0  0  0  0  0  3  0  0  0  0  0
 13  9  0  6  0  0  0  0  4  0  0  0  0  7  0  0
 14  0  0  0 15  7  0 11  0  0  0 13  0  0  0 12
  0  0 10  9  0 12  0  0  1  0  0  0  0 14  0  0
  0 14  2  0  0  0  0  0  0  0 15  6  0  0  0  0
  0  0  6  0  0  0 14  7 11  0  0  9  0  0  0  0
  0  0  0  0  6 10  0 13 12  2 14  0  5  0  0  1
  8  2  0  0 14  0  0  0  0  9  0  0  0  0  0 13
  0  0  9  0 11  0  0  0  5  6 13  0 14  0  0  0
  6  0  0 14  4  0  0  3  0  0  8  0  9 10  7  0
  4  5  0  0  0  0  0  0  0 11  0  0 16  0  0  0
  0  0  0  0  0  0  0  0  0  0  0  0  0  6  0  0
  2  0  0  0  0  0  0  0  0  0  0  4  0  0  0  3
  0  0  0  0  7  0  0  0  0  8  0  0 10  0 12  0
  0  0  0  0  0  9  0 15  0  0 12 11  0  0  4  0

