 14 16  0  0  0 12 10  0  0  0  0  0  0  6  3  0
  0  6  0 11  0  0  0  0  0  0  4  0  0  0  0  0
  1  7  0  5  0  0  0  0 12  0  0  0  0 10  0  0
  3  0  0  0 14  2  0 11  0  0  0 16  0  0  0  5
  0  0  6  9  0  7  0  0  4  0  0  0  0 13  0  0
  0  3 10  0  0  0  0  0  0  0 13 14  0  0  0  0
  0  0 16  0  0  0  8  9  2  0  0  5  0  0  0  0
  0  0  0  0  1 14  0  6  9 16 10  0  3  0  0  7
 12 10  0  0  6  0  0  0  0  1  0  0  0  0  0  3
  0  0  3  0 11  0  0  0  6  9 12  0  2  0  0  0
  9  0  0 16  2  0  0 12  0  0  5  0 13  1  7  0
  6  8  0  0  0  0  0  0  0 14  0  0 12  0  0  0
  0  0  0  0  0  0  0  0  0  0  0  0  0  3  0  0
 16  0  0  0  0  0  0  0  0  0  0 12  0  0  0 13
  0  0  0  0  3  0  0  0  0  5  0  0 14  0 16  0
  0  0  0  0  0 11  0 14  0  0  7  1  0  0  4  0

