  5 11  0  0  0 15  3  0  0  0  0  0  0  8  9  0
  0 10  0  6  0  0  0  0  0  0  5  0  0  0  0  0
  8  4  0  7  0  0  0  0 16  0  0  0  0 12  0  0
  3  0  0  0  7  6  0 12  0  0  0  8  0  0  0  5
  0  0 12  1  0  3  0  0 10  0  0  0  0 15  0  0
  0 16 11  0  0  0  0  0  0  0  3  2  0  0  0  0
  0  0  8  0  0  0  7 10  4  0  0  5  0  0  0  0
  0  0  0  0  6  2  0 15  9 12  1  0  3  0  0  4
 15  5  0  0  9  0  0  0  0 11  0  0  0  0  0 13
  0  0  4  0  2  0  0  0 14 16  8  0  6  0  0  0
 11  0  0 16  8  0  0  7  0  0 15  0 14  3  4  0
 10 12  0  0  0  0  0  0  0  2  0  0  7  0  0  0
  0  0  0  0  0  0  0  0  0  0  0  0  0  4  0  0
  4  0  0  0  0  0  0  0  0  0  0 13  0  0  0  6
  0  0  0  0 11  0  0  0  0  7  0  0 13  0  3  0
  0  0  0  0  0 16  0 13  0  0  2  4  0  0  8  0

