  9 11  0  0  0  2  1  0  0  0  0  0  0  6 16  0
  0  4  0 16  0  0  0  0  0  0  2  0  0  0  0  0
 14 12  0  1  0  0  0  0 13  0  0  0  0  2  0  0
  8  0  0  0 12 16  0 14  0  0  0 11  0  0  0  1
  0  0 14  8  0 12  0  0 16  0  0  0  0 10  0  0
  0  5 11  0  0  0  0  0  0  0 10 13  0  0  0  0
  0  0 15  0  0  0 16  9  5  0  0 14  0  0  0  0
  0  0  0  0 11  3  0 13  2  6  7  0 14  0  0 12
 11  7  0  0 14  0  0  0  0  3  0  0  0  0  0  2
  0  0 10  0  8  0  0  0  6  1 13  0  3  0  0  0
  5  0  0 14  2  0  0 16  0  0 11  0  4  8 15  0
  4 13  0  0  0  0  0  0  0  2  0  0 10  0  0  0
  0  0  0  0  0  0  0  0  0  0  0  0  0 12  0  0
 15  0  0  0  0  0  0  0  0  0  0  1  0  0  0  6
  0  0  0  0 16  0  0  0  0  4  0  0  8  0 13  0
  0  0  0  0  0 10  0  7  0  0  8  9  0  0  5  0

