  6 16  0  0  0 13  2  0  0  0  0  0  0 10  4  0
  0 12  0 13  0  0  0  0  0  0 10  0  0  0  0  0
  5  3  0  7  0  0  0  0 12  0  0  0  0  9  0  0
 10  0  0  0  4  3  0  5  0  0  0  7  0  0  0  6
  0  0  3  2  0 11  0  0  9  0  0  0  0  4  0  0
  0 11  6  0  0  0  0  0  0  0  5  4  0  0  0  0
  0  0 13  0  0  0  5  9 11  0  0  2  0  0  0  0
  0  0  0  0  6  1  0  4  8 14 13  0  3  0  0  7
  3  1  0  0  8  0  0  0  0  4  0  0  0  0  0 11
  0  0  4  0 11  0  0  0 10  8  3  0  9  0  0  0
  7  0  0 15 10  0  0 16  0  0 12  0  6  3  2  0
 11 13  0  0  0  0  0  0  0  9  0  0  7  0  0  0
  0  0  0  0  0  0  0  0  0  0  0  0  0  1  0  0
 13  0  0  0  0  0  0  0  0  0  0  9  0  0  0 10
  0  0  0  0  2  0  0  0  0  7  0  0  4  0 15  0
  0  0  0  0  0  4  0 11  0  0  1 15  0  0  5  0

