  3  1  0  0  0  7  6  0  0  0  0  0  0 10  9  0
  0 13  0 10  0  0  0  0  0  0  5  0  0  0  0  0
  9  7  0  4  0  0  0  0  6  0  0  0  0  8  0  0
  8  0  0  0  2  5  0 10  0  0  0 13  0  0  0 11
  0  0  8  3  0  9  0  0  2  0  0  0  0  5  0  0
  0 16  7  0  0  0  0  0  0  0  8 12  0  0  0  0
  0  0 15  0  0  0  7  2 11  0  0  5  0  0  0  0
  0  0  0  0  5  8  0 15 10  7  1  0 11  0  0 16
 10  3  0  0 16  0  0  0  0  8  0  0  0  0  0  6
  0  0 16  0  1  0  0  0 12 10  6  0 13  0  0  0
  2  0  0  5  8  0  0  9  0  0  3  0 16  4 10  0
 15  8  0  0  0  0  0  0  0  9  0  0 12  0  0  0
  0  0  0  0  0  0  0  0  0  0  0  0  0 16  0  0
 12  0  0  0  0  0  0  0  0  0  0  7  0  0  0  1
  0  0  0  0  7  0  0  0  0 12  0  0 15  0  4  0
  0  0  0  0  0 10  0 12  0  0 13 16  0  0  2  0

