 11 14  0  0  0  9  8  0  0  0  0  0  0  1  7  0
  0  7  0 12  0  0  0  0  0  0  6  0  0  0  0  0
  1  4  0 16  0  0  0  0  9  0  0  0  0  5  0  0
 10  0  0  0  6  4  0  1  0  0  0 14  0  0  0  9
  0  0  7  8  0 13  0  0  1  0  0  0  0  4  0  0
  0  3  2  0  0  0  0  0  0  0 14 13  0  0  0  0
  0  0 14  0  0  0  3  9  5  0  0  8  0  0  0  0
  0  0  0  0  5 14  0  7  3 12 11  0  9  0  0  8
  4 11  0  0 12  0  0  0  0 16  0  0  0  0  0  7
  0  0 16  0  4  0  0  0 11  6  9  0 14  0  0  0
  2  0  0  1 16  0  0  6  0  0  8  0 15 11  4  0
  7 10  0  0  0  0  0  0  0 13  0  0  2  0  0  0
  0  0  0  0  0  0  0  0  0  0  0  0  0  2  0  0
  5  0  0  0  0  0  0  0  0  0  0  2  0  0  0 10
  0  0  0  0 13  0  0  0  0  1  0  0  8  0  9  0
  0  0  0  0  0 16  0  2  0  0 12 11  0  0 14  0

