 13  11   1   3   6   7   5   8   9  10  12  16  14   2   4  15 
  4   7   5   8   1   2   9   3   6  14  15  11  10  12  13  16 
  9   6  12   2  10  15  16  14   1   4   5  13   3   7   8  11 
 10  15  16  14  11   4  12  13   2   3   7   8   1   6   5   9 
 14   1   2  16   5   8   4   7  13   6   9  12  11   3  15  10 
  7   3   4   9  12   1  10  11   8  15   2   5   6  13  16  14 
  5   8  13  11   3   6  15   2   4  16  14  10   7   9  12   1 
  6  10  15  12  13  16  14   9   3   1  11   7   4   8   2   5 
  1   2  10  15   7  13  11   4  12   8   3   9  16   5  14   6 
  8   9   3   4  16  14   1   5   7   2  10   6  12  15  11  13 
 11   5   6   7   9  12   8  10  15  13  16  14   2   4   1   3 
 12  16  14  13  15   3   2   6  11   5   1   4   9  10   7   8 
  2   4  11   5  14   9   3  16  10  12   8  15  13   1   6   7 
 15  12   7   6   8  11  13   1  14   9   4   3   5  16  10   2 
 16  14   9   1   4  10   6  15   5   7  13   2   8  11   3  12 
  3  13   8  10   2   5   7  12  16  11   6   1  15  14   9   4 