 13 11  0  0  0  7  5  0  0  0  0  0  0  2  4  0
  0  6  0  2  0  0  0  0  0  0  5  0  0  0  0  0
 14  1  0 16  0  0  0  0 13  0  0  0  0  3  0  0
  5  0  0  0  3  6  0  2  0  0  0 10  0  0  0 16
  0  0 10 15  0 13  0  0 12  0  0  0  0  5  0  0
  0  5  6  0  0  0  0  0  0  0 16 14  0  0  0  0
  0  0 11  0  0  0  3 16 10  0  0 15  0  0  0  0
  0  0  0  0  4 10  0 15  5  7 13  0  8  0  0  3
  6  2  0  0 13  0  0  0  0  5  0  0  0  0  0 12
  0  0 13  0  5  0  0  0 16  2 14  0  3  0  0  0
 10  0  0  7 15  0  0  3  0  0 11  0  5  9 13  0
 11  3  0  0  0  0  0  0  0 13  0  0  1  0  0  0
  0  0  0  0  0  0  0  0  0  0  0  0  0 11  0  0
  8  0  0  0  0  0  0  0  0  0  0  5  0  0  0  1
  0  0  0  0  8  0  0  0  0 11  0  0 16  0  3  0
  0  0  0  0  0  3  0  5  0  0  2  8  0  0 12  0

