 11  5  0  0  0  7  9  0  0  0  0  0  0 14  4  0
  0  8  0  3  0  0  0  0  0  0 15  0  0  0  0  0
  7 12  0 15  0  0  0  0  9  0  0  0  0  8  0  0
 10  0  0  0 14  2  0 13  0  0  0  8  0  0  0  9
  0  0  7 12  0 13  0  0 15  0  0  0  0  3  0  0
  0  2 15  0  0  0  0  0  0  0  9  3  0  0  0  0
  0  0 10  0  0  0  8  3  4  0  0 13  0  0  0  0
  0  0  0  0  6 11  0  1  2 16  7  0  8  0  0 15
  4 15  0  0  5  0  0  0  0  9  0  0  0  0  0 11
  0  0  9  0 16  0  0  0  7 12 11  0 14  0  0  0
 14  0  0  5 11  0  0  9  0  0 10  0 13 15 12  0
 12  7  0  0  0  0  0  0  0  8  0  0  6  0  0  0
  0  0  0  0  0  0  0  0  0  0  0  0  0 16  0  0
 15  0  0  0  0  0  0  0  0  0  0  2  0  0  0 13
  0  0  0  0  4  0  0  0  0 15  0  0  9  0 14  0
  0  0  0  0  0 14  0  7  0  0  5  9  0  0 15  0

