  4  9  0  0  0 15  5  0  0  0  0  0  0  6 14  0
  0 14  0 12  0  0  0  0  0  0 15  0  0  0  0  0
 16  1  0  6  0  0  0  0  7  0  0  0  0 10  0  0
  5  0  0  0 14 16  0  2  0  0  0 13  0  0  0  4
  0  0 12 14  0  1  0  0  5  0  0  0  0  3  0  0
  0  4 10  0  0  0  0  0  0  0  3 16  0  0  0  0
  0  0  5  0  0  0  9 12  2  0  0 14  0  0  0  0
  0  0  0  0  3  5  0  8 12  9  4  0 11  0  0 14
 11 16  0  0  9  0  0  0  0  3  0  0  0  0  0  1
  0  0  3  0  5  0  0  0  4 15  8  0 16  0  0  0
  6  0  0  2  8  0  0  7  0  0 16  0 14 15  5  0
  1 10  0  0  0  0  0  0  0 14  0  0  7  0  0  0
  0  0  0  0  0  0  0  0  0  0  0  0  0 11  0  0
 13  0  0  0  0  0  0  0  0  0  0  2  0  0  0  9
  0  0  0  0  2  0  0  0  0 16  0  0 15  0 13  0
  0  0  0  0  0 10  0 14  0  0  6  5  0  0  8  0

