 10 14  0  0  0  7  4  0  0  0  0  0  0 16 12  0
  0 11  0  9  0  0  0  0  0  0  4  0  0  0  0  0
  5 16  0 15  0  0  0  0 11  0  0  0  0 14  0  0
  4  0  0  0 10  2  0  1  0  0  0  6  0  0  0  8
  0  0  6 10  0 16  0  0  9  0  0  0  0  2  0  0
  0  2  5  0  0  0  0  0  0  0 10  3  0  0  0  0
  0  0 15  0  0  0  6  2  7  0  0 12  0  0  0  0
  0  0  0  0 14  4  0  5  2 16  6  0 15  0  0  3
 15  5  0  0  6  0  0  0  0  7  0  0  0  0  0  1
  0  0 16  0 15  0  0  0  6  9  5  0  4  0  0  0
  9  0  0  6  5  0  0 13  0  0  3  0 11 15  2  0
  8  3  0  0  0  0  0  0  0 15  0  0 16  0  0  0
  0  0  0  0  0  0  0  0  0  0  0  0  0  8  0  0
 12  0  0  0  0  0  0  0  0  0  0  9  0  0  0 11
  0  0  0  0  4  0  0  0  0  2  0  0 12  0  1  0
  0  0  0  0  0  8  0 10  0  0 15  1  0  0  5  0

