  4  9  0  0  0 11  1  0  0  0  0  0  0 13  5  0
  0 15  0 11  0  0  0  0  0  0  5  0  0  0  0  0
  5 13  0 16  0  0  0  0 11  0  0  0  0 15  0  0
  2  0  0  0  9  7  0  5  0  0  0 15  0  0  0 11
  0  0  2  5  0  9  0  0 10  0  0  0  0 14  0  0
  0  7  3  0  0  0  0  0  0  0  9 13  0  0  0  0
  0  0 13  0  0  0  3 10 14  0  0  8  0  0  0  0
  0  0  0  0 13  6  0 12  5  2  3  0 11  0  0  4
  9 10  0  0  3  0  0  0  0 13  0  0  0  0  0  6
  0  0 11  0 10  0  0  0  9 14  1  0 13  0  0  0
  7  0  0 13 11  0  0  8  0  0 10  0  2 12 15  0
  6 12  0  0  0  0  0  0  0 15  0  0 16  0  0  0
  0  0  0  0  0  0  0  0  0  0  0  0  0  6  0  0
 14  0  0  0  0  0  0  0  0  0  0 10  0  0  0  1
  0  0  0  0  6  0  0  0  0  7  0  0 12  0 11  0
  0  0  0  0  0 16  0  9  0  0 13  6  0  0  4  0

