 12  6  0  0  0  5  3  0  0  0  0  0  0  9 10  0
  0  3  0  4  0  0  0  0  0  0  7  0  0  0  0  0
  7  5  0  9  0  0  0  0 10  0  0  0  0  3  0  0
  2  0  0  0  4 16  0 10  0  0  0  5  0  0  0  7
  0  0 13 10  0  7  0  0 16  0  0  0  0  4  0  0
  0 14  5  0  0  0  0  0  0  0 10  8  0  0  0  0
  0  0  6  0  0  0  4  5 13  0  0  2  0  0  0  0
  0  0  0  0 10 12  0 14  3  6  9  0  5  0  0 13
  6 16  0  0  5  0  0  0  0  8  0  0  0  0  0 10
  0  0 14  0  6  0  0  0  1 16 12  0  8  0  0  0
  5  0  0  1  8  0  0  3  0  0 13  0 15  6  9  0
  8  4  0  0  0  0  0  0  0  3  0  0 16  0  0  0
  0  0  0  0  0  0  0  0  0  0  0  0  0 10  0  0
  1  0  0  0  0  0  0  0  0  0  0  3  0  0  0  5
  0  0  0  0  3  0  0  0  0 15  0  0  6  0 13  0
  0  0  0  0  0  4  0 16  0  0  2  9  0  0  1  0

