  8  3  0  0  0  1  9  0  0  0  0  0  0  5  6  0
  0 12  0  6  0  0  0  0  0  0  2  0  0  0  0  0
  1  9  0  4  0  0  0  0 10  0  0  0  0 13  0  0
  7  0  0  0 15 10  0  5  0  0  0  6  0  0  0 16
  0  0  8 14  0  5  0  0  9  0  0  0  0 11  0  0
  0 11  4  0  0  0  0  0  0  0  5 13  0  0  0  0
  0  0  3  0  0  0  8  4 16  0  0  1  0  0  0  0
  0  0  0  0 13 11  0 14 15  6 10  0  9  0  0  3
  3 10  0  0  4  0  0  0  0 13  0  0  0  0  0  2
  0  0 12  0  2  0  0  0  4  8 16  0  1  0  0  0
 11  0  0  8  5  0  0  1  0  0  6  0 16 15  9  0
  2 14  0  0  0  0  0  0  0 15  0  0  6  0  0  0
  0  0  0  0  0  0  0  0  0  0  0  0  0 12  0  0
  4  0  0  0  0  0  0  0  0  0  0  3  0  0  0  8
  0  0  0  0  7  0  0  0  0  1  0  0 11  0 13  0
  0  0  0  0  0 15  0 11  0  0  9 14  0  0  5  0

