  1  5  0  0  0 12  7  0  0  0  0  0  0  4 11  0
  0  4  0  3  0  0  0  0  0  0 10  0  0  0  0  0
  7  6  0 11  0  0  0  0  1  0  0  0  0  8  0  0
 10  0  0  0  2  5  0  4  0  0  0  7  0  0  0  3
  0  0 16 10  0  9  0  0  5  0  0  0  0 12  0  0
  0 12 13  0  0  0  0  0  0  0  7 11  0  0  0  0
  0  0  4  0  0  0  6 12 14  0  0 15  0  0  0  0
  0  0  0  0 13  2  0  1  4 12  3  0 11  0  0  8
  4  3  0  0  5  0  0  0  0 10  0  0  0  0  0  7
  0  0 10  0 15  0  0  0 12  9  4  0  5  0  0  0
 15  0  0  2  8  0  0  7  0  0  6  0 16 14 12  0
  8 14  0  0  0  0  0  0  0 11  0  0  3  0  0  0
  0  0  0  0  0  0  0  0  0  0  0  0  0  3  0  0
  9  0  0  0  0  0  0  0  0  0  0 12  0  0  0 10
  0  0  0  0 11  0  0  0  0  7  0  0  8  0 16  0
  0  0  0  0  0  1  0  8  0  0 11 10  0  0  7  0

