  6 10  0  0  0  9 11  0  0  0  0  0  0  1  7  0
  0 14  0  4  0  0  0  0  0  0 16  0  0  0  0  0
 15 11  0  1  0  0  0  0  5  0  0  0  0 16  0  0
  8  0  0  0 16 14  0  4  0  0  0 11  0  0  0 12
  0  0  1  6  0  5  0  0 11  0  0  0  0  7  0  0
  0 15  4  0  0  0  0  0  0  0  2 12  0  0  0  0
  0  0 11  0  0  0 12 10 16  0  0 13  0  0  0  0
  0  0  0  0 13  8  0 11  6  4 14  0  2  0  0 15
  9  6  0  0 14  0  0  0  0 16  0  0  0  0  0  7
  0  0  8  0  5  0  0  0 12  2 11  0 14  0  0  0
 14  0  0 13 11  0  0  1  0  0  3  0  8  2 12  0
 11  5  0  0  0  0  0  0  0  8  0  0 10  0  0  0
  0  0  0  0  0  0  0  0  0  0  0  0  0 12  0  0
  3  0  0  0  0  0  0  0  0  0  0  4  0  0  0  2
  0  0  0  0  6  0  0  0  0 11  0  0  7  0 14  0
  0  0  0  0  0  2  0 14  0  0 12 16  0  0  3  0

