  8  5  0  0  0 13  3  0  0  0  0  0  0 12  1  0
  0  3  0 12  0  0  0  0  0  0  9  0  0  0  0  0
  7 11  0 16  0  0  0  0  2  0  0  0  0  9  0  0
  6  0  0  0  5  9  0 11  0  0  0  7  0  0  0 16
  0  0  7 15  0  3  0  0 16  0  0  0  0  2  0  0
  0 13 14  0  0  0  0  0  0  0  7  4  0  0  0  0
  0  0  3  0  0  0 14  4 10  0  0 13  0  0  0  0
  0  0  0  0  7  5  0 16 11 14  1  0  3  0  0 15
 16  8  0  0  9  0  0  0  0 11  0  0  0  0  0  7
  0  0 12  0  3  0  0  0  7 10 14  0  8  0  0  0
 14  0  0 10 12  0  0 15  0  0  5  0  6  1 11  0
  1  7  0  0  0  0  0  0  0  6  0  0 13  0  0  0
  0  0  0  0  0  0  0  0  0  0  0  0  0 15  0  0
 13  0  0  0  0  0  0  0  0  0  0  1  0  0  0  2
  0  0  0  0 11  0  0  0  0  7  0  0 16  0 12  0
  0  0  0  0  0  7  0  3  0  0 11 16  0  0  8  0

