  8  4  0  0  0 12  9  0  0  0  0  0  0 10  6  0
  0 11  0  2  0  0  0  0  0  0  1  0  0  0  0  0
  3 10  0 16  0  0  0  0 15  0  0  0  0  2  0  0
  1  0  0  0  8  3  0 10  0  0  0  2  0  0  0 11
  0  0  1  6  0  5  0  0  9  0  0  0  0  8  0  0
  0 16  2  0  0  0  0  0  0  0  3  5  0  0  0  0
  0  0  3  0  0  0 15  9  6  0  0  7  0  0  0  0
  0  0  0  0 13  2  0  7  1 10 14  0 16  0  0  6
  2  8  0  0 11  0  0  0  0  9  0  0  0  0  0  5
  0  0 13  0 10  0  0  0  5  2 12  0  1  0  0  0
  5  0  0 12  2  0  0  3  0  0  8  0  6 13 10  0
 14  1  0  0  0  0  0  0  0 11  0  0  3  0  0  0
  0  0  0  0  0  0  0  0  0  0  0  0  0  6  0  0
 15  0  0  0  0  0  0  0  0  0  0  8  0  0  0  9
  0  0  0  0  7  0  0  0  0  5  0  0  8  0  3  0
  0  0  0  0  0 10  0  1  0  0  6  9  0  0  5  0

