  9  5  0  0  0 11  8  0  0  0  0  0  0  4 12  0
  0 15  0  8  0  0  0  0  0  0 12  0  0  0  0  0
 14 12  0 11  0  0  0  0  1  0  0  0  0  8  0  0
  7  0  0  0  5 12  0  2  0  0  0 11  0  0  0 13
  0  0 15  6  0 13  0  0  8  0  0  0  0 12  0  0
  0  2  9  0  0  0  0  0  0  0  7  5  0  0  0  0
  0  0 11  0  0  0  2 10 12  0  0  4  0  0  0  0
  0  0  0  0  6  4  0  9 15  2 13  0  8  0  0  3
 15  7  0  0  2  0  0  0  0 11  0  0  0  0  0  8
  0  0  2  0 11  0  0  0  7 15  3  0 10  0  0  0
 13  0  0 10  9  0  0 15  0  0 14  0  7 16 11  0
 11  8  0  0  0  0  0  0  0 13  0  0 14  0  0  0
  0  0  0  0  0  0  0  0  0  0  0  0  0 14  0  0
 12  0  0  0  0  0  0  0  0  0  0  8  0  0  0 16
  0  0  0  0 10  0  0  0  0 12  0  0  2  0 13  0
  0  0  0  0  0 16  0  5  0  0 15  7  0  0  8  0

