 15  9  0  0  0  7  3  0  0  0  0  0  0 10 13  0
  0  6  0 10  0  0  0  0  0  0  2  0  0  0  0  0
  2  5  0 14  0  0  0  0 11  0  0  0  0 12  0  0
  3  0  0  0  5 10  0  9  0  0  0  6  0  0  0 14
  0  0 13  4  0  9  0  0  1  0  0  0  0 14  0  0
  0  3  9  0  0  0  0  0  0  0 14 15  0  0  0  0
  0  0 16  0  0  0  7 10  3  0  0  2  0  0  0  0
  0  0  0  0 14 16  0  3 10 11  5  0  9  0  0 13
 10 12  0  0  6  0  0  0  0  2  0  0  0  0  0  4
  0  0  2  0  1  0  0  0 15  4 10  0  7  0  0  0
  4  0  0 16  7  0  0 14  0  0 12  0  3  2 10  0
  8 13  0  0  0  0  0  0  0  3  0  0 14  0  0  0
  0  0  0  0  0  0  0  0  0  0  0  0  0  6  0  0
  1  0  0  0  0  0  0  0  0  0  0 16  0  0  0  2
  0  0  0  0  8  0  0  0  0 14  0  0 16  0  5  0
  0  0  0  0  0 13  0  7  0  0 15  8  0  0  1  0

