 15 14  0  0  0  6 16  0  0  0  0  0  0  5  8  0
  0 11  0 16  0  0  0  0  0  0  2  0  0  0  0  0
  9  4  0  2  0  0  0  0 12  0  0  0  0 16  0  0
  7  0  0  0 13  5  0  4  0  0  0 16  0  0  0  6
  0  0 15  3  0  2  0  0  6  0  0  0  0 14  0  0
  0 13 12  0  0  0  0  0  0  0 15  1  0  0  0  0
  0  0  9  0  0  0 14  1  2  0  0 11  0  0  0  0
  0  0  0  0  4 15  0  5  9  7 14  0  6  0  0  8
 13  1  0  0  9  0  0  0  0  2  0  0  0  0  0 16
  0  0  2  0  6  0  0  0 13 15 16  0 14  0  0  0
  3  0  0 15  5  0  0 13  0  0  8  0  9  7  6  0
 12  6  0  0  0  0  0  0  0  9  0  0  8  0  0  0
  0  0  0  0  0  0  0  0  0  0  0  0  0 11  0  0
 14  0  0  0  0  0  0  0  0  0  0 15  0  0  0  1
  0  0  0  0  3  0  0  0  0 12  0  0 10  0  4  0
  0  0  0  0  0  4  0 15  0  0  3  6  0  0  7  0

