 11   5   2   4   1   8  16   6   7   9  12  13  14  10   3  15 
 12   3   6   8   7   9   2  11  14  10  16  15   1   4  13   5 
 16   9  10  15  12   4  13  14   3   5   8   1   2   6   7  11 
  1  13   7  14  15   5  10   3   2   4   6  11   8   9  12  16 
  5   6  11   2  16   1   7  13   4  12  15   9   3   8  10  14 
 14  10   8  13   5  15  11  12  16   7   2   3   4   1   6   9 
  4   1   3  12   6   2   9  10   5  14  13   8  15  11  16   7 
  9  15  16   7  14   3   8   4  11   1  10   6  12   2   5  13 
  8   7  13  11  10  14   4  15   6   2   9  16   5  12   1   3 
  2  14   1   9  13   7   5  16  10   3   4  12  11  15   8   6 
 10  16  15   3   2  12   6   9   8  11   1   5  13   7  14   4 
  6  12   4   5   3  11   1   8  13  15  14   7   9  16   2  10 
 13   4  12   1   9  16  14   7  15   8   3  10   6   5  11   2 
  7   2   9  10   8  13  15   5   1   6  11  14  16   3   4  12 
  3  11  14   6   4  10  12   1   9  16   5   2   7  13  15   8 
 15   8   5  16  11   6   3   2  12  13   7   4  10  14   9   1 