 11 10  0  0  0 15 13  0  0  0  0  0  0  4  9  0
  0 13  0 16  0  0  0  0  0  0 12  0  0  0  0  0
 15  1  0  2  0  0  0  0 16  0  0  0  0  8  0  0
  3  0  0  0  8 10  0 14  0  0  0  2  0  0  0 16
  0  0  3 15  0  1  0  0  5  0  0  0  0 16  0  0
  0  6 14  0  0  0  0  0  0  0  3  7  0  0  0  0
  0  0 13  0  0  0  4  3  6  0  0  9  0  0  0  0
  0  0  0  0 11  6  0  7 15 13  1  0 12  0  0  3
  4 14  0  0  6  0  0  0  0 12  0  0  0  0  0  9
  0  0 11  0 15  0  0  0  3  9  6  0  7  0  0  0
  9  0  0  6 13  0  0  2  0  0  7  0  4 10 11  0
 12  8  0  0  0  0  0  0  0  2  0  0  5  0  0  0
  0  0  0  0  0  0  0  0  0  0  0  0  0  7  0  0
  5  0  0  0  0  0  0  0  0  0  0 10  0  0  0 14
  0  0  0  0  4  0  0  0  0  7  0  0  2  0 16  0
  0  0  0  0  0 14  0  6  0  0  4  3  0  0 12  0

