  0  0  0 14  0 13  0  0  0  0  0  0 12  0  0  0
 11  0  0  0  0  0  0  0  0  3  0  0  0  4  0  0
  0  0  0  0  0  0  0  0  0  0  0  0  0  0  0  0
  5  3  0  0  0  6  0  0  0 13  0  0 11 15  0  0
  0 15  0  0  0  0  0  5  0 16  0  0  0  0  0 11
  0  0  0  0  0  0  0  0  0  0  0 12  0  0  0  0
  0  0  0  0 13 10  0  0  0  0  0  0  0  0  0  0
  0  5  0  0  8  0  0  0  3  0  0  0  0  0  0  9
  0  0  0  0  0  0  0  8  0  0  0  0  0  0  0  0
  0  0  6  0  0  2  4  0  0  0  0  9  0  0  0 16
  0  0  0  0  0 14  0 10  0  0  0  0  0  0  0  0
  0 12  0  0  0  0  0  0  8  0  0  0  0  9  0  0
  6  0  0  0  0  0  0  0  0  0  0  0  0  0  0 15
  0  0  0  0  0  0  0  0  0  0 12  0 10  0  0  7
  0  8 10  0  0  0  0  0  0  0  0  0 16  0  0  0
  0  0  0  0  0  0 15  0  0  9 16  0  0  6  0  3

