 14 13  0  0  0  8 16  0  0  0  0  0  0  2 10  0
  0 15  0  7  0  0  0  0  0  0 10  0  0  0  0  0
  8  2  0  5  0  0  0  0 12  0  0  0  0 15  0  0
  1  0  0  0  2 15  0 10  0  0  0 13  0  0  0  3
  0  0 14  2  0 12  0  0  3  0  0  0  0  6  0  0
  0 12  7  0  0  0  0  0  0  0  1 14  0  0  0  0
  0  0 13  0  0  0  8 16  2  0  0 12  0  0  0  0
  0  0  0  0  6 14  0  7 10  9 13  0  2  0  0 12
  3 10  0  0 14  0  0  0  0  5  0  0  0  0  0  8
  0  0 11  0 15  0  0  0 13  8 12  0 16  0  0  0
 12  0  0 14  8  0  0  1  0  0 15  0 13  3  4  0
  7  6  0  0  0  0  0  0  0 10  0  0 15  0  0  0
  0  0  0  0  0  0  0  0  0  0  0  0  0 14  0  0
 13  0  0  0  0  0  0  0  0  0  0  8  0  0  0  2
  0  0  0  0 13  0  0  0  0 12  0  0 11  0  9  0
  0  0  0  0  0  1  0  8  0  0  2 10  0  0  3  0

