 14 11  0  0  0  9  1  0  0  0  0  0  0  8  3  0
  0  7  0  1  0  0  0  0  0  0 15  0  0  0  0  0
 15  4  0 16  0  0  0  0 12  0  0  0  0 14  0  0
  2  0  0  0 16  6  0 14  0  0  0 11  0  0  0 15
  0  0  1  3  0  4  0  0 15  0  0  0  0  7  0  0
  0 14 11  0  0  0  0  0  0  0 12 16  0  0  0  0
  0  0  7  0  0  0  6  9  3  0  0 13  0  0  0  0
  0  0  0  0 15 14  0 10 11  7  5  0  3  0  0 12
 16  3  0  0 13  0  0  0  0 15  0  0  0  0  0 14
  0  0  4  0  7  0  0  0 13 14  2  0  8  0  0  0
 13  0  0  7 14  0  0  8  0  0 11  0 16  3  2  0
  1  8  0  0  0  0  0  0  0  5  0  0 12  0  0  0
  0  0  0  0  0  0  0  0  0  0  0  0  0  9  0  0
  9  0  0  0  0  0  0  0  0  0  0 14  0  0  0 10
  0  0  0  0  4  0  0  0  0  9  0  0  2  0 13  0
  0  0  0  0  0 13  0  7  0  0 16  4  0  0  1  0

